# E-Ef TotDOS Benzene AgSurf
       -19.808844         0.000000         0.000000         0.000000
       -19.786203         0.000000         0.000000         0.000000
       -19.763561         0.000000         0.000000         0.000000
       -19.740919         0.000000         0.000000         0.000000
       -19.718277         0.000000         0.000000         0.000000
       -19.695636         0.000000         0.000000         0.000000
       -19.672994         0.000000         0.000000         0.000000
       -19.650352         0.000000         0.000000         0.000000
       -19.627711         0.000000         0.000000         0.000000
       -19.605069         0.000000         0.000000         0.000000
       -19.582427         0.000000         0.000000         0.000000
       -19.559785         0.000000         0.000000         0.000000
       -19.537144         0.000000         0.000000         0.000000
       -19.514502         0.000000         0.000000         0.000000
       -19.491860         0.000000         0.000000         0.000000
       -19.469218         0.000000         0.000000         0.000000
       -19.446577         0.000000         0.000000         0.000000
       -19.423935         0.000000         0.000000         0.000000
       -19.401293         0.000000         0.000000         0.000000
       -19.378652         0.000000         0.000000         0.000000
       -19.356010         0.000000         0.000000         0.000000
       -19.333368         0.000000         0.000000         0.000000
       -19.310726         0.000000         0.000000         0.000000
       -19.288085         0.000000         0.000000         0.000000
       -19.265443         0.000000         0.000000         0.000000
       -19.242801         0.000000         0.000000         0.000000
       -19.220159         0.000000         0.000000         0.000000
       -19.197518         0.000000         0.000000         0.000000
       -19.174876         0.000000         0.000000         0.000000
       -19.152234         0.000000         0.000000         0.000000
       -19.129593         0.000000         0.000000         0.000000
       -19.106951         0.000000         0.000000         0.000000
       -19.084309         0.000000         0.000000         0.000000
       -19.061667         0.000000         0.000000         0.000000
       -19.039026         0.000000         0.000000         0.000000
       -19.016384         0.000000         0.000000         0.000000
       -18.993742         0.000000         0.000000         0.000000
       -18.971100         0.000000         0.000000         0.000000
       -18.948459         0.000000         0.000000         0.000000
       -18.925817         0.000000         0.000000         0.000000
       -18.903175         0.000000         0.000000         0.000000
       -18.880534         0.000000         0.000000         0.000000
       -18.857892         0.000000         0.000000         0.000000
       -18.835250         0.000000         0.000000         0.000000
       -18.812608         0.000000         0.000000         0.000000
       -18.789967         0.000000         0.000000         0.000000
       -18.767325         0.000000         0.000000         0.000000
       -18.744683         0.000000         0.000000         0.000000
       -18.722041         0.000000         0.000000         0.000000
       -18.699400         0.000000         0.000000         0.000000
       -18.676758         0.000000         0.000000         0.000000
       -18.654116         0.000000         0.000000         0.000000
       -18.631475         0.000000         0.000000         0.000000
       -18.608833         0.000000         0.000000         0.000000
       -18.586191         0.000000         0.000000         0.000000
       -18.563549         0.000000         0.000000         0.000000
       -18.540908         0.000000         0.000000         0.000000
       -18.518266         0.000000         0.000000         0.000000
       -18.495624         0.000000         0.000000         0.000000
       -18.472982         0.000000         0.000000         0.000000
       -18.450341         0.000000         0.000000         0.000000
       -18.427699         0.000000         0.000000         0.000000
       -18.405057         0.000000         0.000000         0.000000
       -18.382416         0.000000         0.000000         0.000000
       -18.359774         0.000000         0.000000         0.000000
       -18.337132         0.000000         0.000000         0.000000
       -18.314490         0.000000         0.000000         0.000000
       -18.291849         0.000000         0.000000         0.000000
       -18.269207         0.000000         0.000000         0.000000
       -18.246565         0.000000         0.000000         0.000000
       -18.223923         0.000000         0.000000         0.000000
       -18.201282         0.000000         0.000000         0.000000
       -18.178640         0.000000         0.000000         0.000000
       -18.155998         0.000000         0.000000         0.000000
       -18.133357         0.000000         0.000000         0.000000
       -18.110715         0.000000         0.000000         0.000000
       -18.088073         0.000001         0.000001         0.000000
       -18.065431         0.000015         0.000010         0.000000
       -18.042790         0.000138         0.000093         0.000000
       -18.020148         0.001041         0.000702         0.000000
       -17.997506         0.006381         0.004301         0.000000
       -17.974864         0.031846         0.021465         0.000000
       -17.952223         0.129476         0.087267         0.000000
       -17.929581         0.428809         0.289017         0.000000
       -17.906939         1.156863         0.779725         0.000000
       -17.884298         2.542400         1.713578         0.000000
       -17.861656         4.551455         3.067681         0.000000
       -17.839014         6.637445         4.473638         0.000000
       -17.816372         7.884894         5.314419         0.000000
       -17.793731         7.630186         5.142745         0.000000
       -17.771089         6.014764         4.053951         0.000000
       -17.748447         3.862304         2.603193         0.000000
       -17.725805         2.020312         1.361691         0.000000
       -17.703164         0.860865         0.580223         0.000000
       -17.680522         0.298810         0.201398         0.000000
       -17.657880         0.084489         0.056946         0.000000
       -17.635239         0.019460         0.013116         0.000000
       -17.612597         0.003651         0.002461         0.000000
       -17.589955         0.000558         0.000376         0.000000
       -17.567313         0.000069         0.000047         0.000000
       -17.544672         0.000007         0.000005         0.000000
       -17.522030         0.000001         0.000000         0.000000
       -17.499388         0.000000         0.000000         0.000000
       -17.476746         0.000000         0.000000         0.000000
       -17.454105         0.000000         0.000000         0.000000
       -17.431463         0.000000         0.000000         0.000000
       -17.408821         0.000000         0.000000         0.000000
       -17.386180         0.000000         0.000000         0.000000
       -17.363538         0.000000         0.000000         0.000000
       -17.340896         0.000000         0.000000         0.000000
       -17.318254         0.000000         0.000000         0.000000
       -17.295613         0.000000         0.000000         0.000000
       -17.272971         0.000000         0.000000         0.000000
       -17.250329         0.000000         0.000000         0.000000
       -17.227687         0.000000         0.000000         0.000000
       -17.205046         0.000000         0.000000         0.000000
       -17.182404         0.000000         0.000000         0.000000
       -17.159762         0.000000         0.000000         0.000000
       -17.137121         0.000000         0.000000         0.000000
       -17.114479         0.000000         0.000000         0.000000
       -17.091837         0.000000         0.000000         0.000000
       -17.069195         0.000000         0.000000         0.000000
       -17.046554         0.000000         0.000000         0.000000
       -17.023912         0.000000         0.000000         0.000000
       -17.001270         0.000000         0.000000         0.000000
       -16.978628         0.000000         0.000000         0.000000
       -16.955987         0.000000         0.000000         0.000000
       -16.933345         0.000000         0.000000         0.000000
       -16.910703         0.000000         0.000000         0.000000
       -16.888062         0.000000         0.000000         0.000000
       -16.865420         0.000000         0.000000         0.000000
       -16.842778         0.000000         0.000000         0.000000
       -16.820136         0.000000         0.000000         0.000000
       -16.797495         0.000000         0.000000         0.000000
       -16.774853         0.000000         0.000000         0.000000
       -16.752211         0.000000         0.000000         0.000000
       -16.729569         0.000000         0.000000         0.000000
       -16.706928         0.000000         0.000000         0.000000
       -16.684286         0.000000         0.000000         0.000000
       -16.661644         0.000000         0.000000         0.000000
       -16.639003         0.000000         0.000000         0.000000
       -16.616361         0.000000         0.000000         0.000000
       -16.593719         0.000000         0.000000         0.000000
       -16.571077         0.000000         0.000000         0.000000
       -16.548436         0.000000         0.000000         0.000000
       -16.525794         0.000000         0.000000         0.000000
       -16.503152         0.000000         0.000000         0.000000
       -16.480510         0.000000         0.000000         0.000000
       -16.457869         0.000000         0.000000         0.000000
       -16.435227         0.000000         0.000000         0.000000
       -16.412585         0.000000         0.000000         0.000000
       -16.389944         0.000000         0.000000         0.000000
       -16.367302         0.000000         0.000000         0.000000
       -16.344660         0.000000         0.000000         0.000000
       -16.322018         0.000000         0.000000         0.000000
       -16.299377         0.000000         0.000000         0.000000
       -16.276735         0.000000         0.000000         0.000000
       -16.254093         0.000000         0.000000         0.000000
       -16.231451         0.000000         0.000000         0.000000
       -16.208810         0.000000         0.000000         0.000000
       -16.186168         0.000000         0.000000         0.000000
       -16.163526         0.000000         0.000000         0.000000
       -16.140885         0.000000         0.000000         0.000000
       -16.118243         0.000000         0.000000         0.000000
       -16.095601         0.000000         0.000000         0.000000
       -16.072959         0.000000         0.000000         0.000000
       -16.050318         0.000000         0.000000         0.000000
       -16.027676         0.000000         0.000000         0.000000
       -16.005034         0.000000         0.000000         0.000000
       -15.982392         0.000000         0.000000         0.000000
       -15.959751         0.000000         0.000000         0.000000
       -15.937109         0.000000         0.000000         0.000000
       -15.914467         0.000000         0.000000         0.000000
       -15.891826         0.000000         0.000000         0.000000
       -15.869184         0.000000         0.000000         0.000000
       -15.846542         0.000000         0.000000         0.000000
       -15.823900         0.000000         0.000000         0.000000
       -15.801259         0.000000         0.000000         0.000000
       -15.778617         0.000000         0.000000         0.000000
       -15.755975         0.000000         0.000000         0.000000
       -15.733333         0.000000         0.000000         0.000000
       -15.710692         0.000000         0.000000         0.000000
       -15.688050         0.000000         0.000000         0.000000
       -15.665408         0.000000         0.000000         0.000000
       -15.642767         0.000000         0.000000         0.000000
       -15.620125         0.000000         0.000000         0.000000
       -15.597483         0.000000         0.000000         0.000000
       -15.574841         0.000000         0.000000         0.000000
       -15.552200         0.000000         0.000000         0.000000
       -15.529558         0.000000         0.000000         0.000000
       -15.506916         0.000000         0.000000         0.000000
       -15.484274         0.000000         0.000000         0.000000
       -15.461633         0.000000         0.000000         0.000000
       -15.438991         0.000000         0.000000         0.000000
       -15.416349         0.000000         0.000000         0.000000
       -15.393708         0.000000         0.000000         0.000000
       -15.371066         0.000000         0.000000         0.000000
       -15.348424         0.000000         0.000000         0.000000
       -15.325782         0.000000         0.000000         0.000000
       -15.303141         0.000002         0.000001         0.000000
       -15.280499         0.000021         0.000015         0.000000
       -15.257857         0.000196         0.000139         0.000000
       -15.235215         0.001513         0.001072         0.000000
       -15.212574         0.009511         0.006743         0.000000
       -15.189932         0.048792         0.034590         0.000000
       -15.167290         0.204247         0.144804         0.000000
       -15.144649         0.697727         0.494694         0.000000
       -15.122007         1.945162         1.379218         0.000000
       -15.099365         4.425704         3.138239         0.000000
       -15.076723         8.218223         5.827849         0.000000
       -15.054082        12.455236         8.833024         0.000000
       -15.031440        15.406754        10.926868         0.000000
       -15.008798        15.554599        11.032414         0.000000
       -14.986156        12.817258         9.091466         0.000000
       -14.963515         8.620193         6.114806         0.000000
       -14.940873         4.731710         3.356684         0.000000
       -14.918231         2.119772         1.503861         0.000000
       -14.895590         0.775029         0.549873         0.000000
       -14.872948         0.231254         0.164081         0.000000
       -14.850306         0.056310         0.039956         0.000000
       -14.827664         0.011189         0.007940         0.000000
       -14.805023         0.001814         0.001287         0.000000
       -14.782381         0.000240         0.000170         0.000000
       -14.759739         0.000026         0.000018         0.000000
       -14.737097         0.000002         0.000002         0.000000
       -14.714456         0.000000         0.000000         0.000000
       -14.691814         0.000000         0.000000         0.000000
       -14.669172         0.000000         0.000000         0.000000
       -14.646531         0.000000         0.000000         0.000000
       -14.623889         0.000000         0.000000         0.000000
       -14.601247         0.000000         0.000000         0.000000
       -14.578605         0.000000         0.000000         0.000000
       -14.555964         0.000000         0.000000         0.000000
       -14.533322         0.000000         0.000000         0.000000
       -14.510680         0.000000         0.000000         0.000000
       -14.488038         0.000000         0.000000         0.000000
       -14.465397         0.000000         0.000000         0.000000
       -14.442755         0.000000         0.000000         0.000000
       -14.420113         0.000000         0.000000         0.000000
       -14.397472         0.000000         0.000000         0.000000
       -14.374830         0.000000         0.000000         0.000000
       -14.352188         0.000000         0.000000         0.000000
       -14.329546         0.000000         0.000000         0.000000
       -14.306905         0.000000         0.000000         0.000000
       -14.284263         0.000000         0.000000         0.000000
       -14.261621         0.000000         0.000000         0.000000
       -14.238979         0.000000         0.000000         0.000000
       -14.216338         0.000000         0.000000         0.000000
       -14.193696         0.000000         0.000000         0.000000
       -14.171054         0.000000         0.000000         0.000000
       -14.148413         0.000000         0.000000         0.000000
       -14.125771         0.000000         0.000000         0.000000
       -14.103129         0.000000         0.000000         0.000000
       -14.080487         0.000000         0.000000         0.000000
       -14.057846         0.000000         0.000000         0.000000
       -14.035204         0.000000         0.000000         0.000000
       -14.012562         0.000000         0.000000         0.000000
       -13.989920         0.000000         0.000000         0.000000
       -13.967279         0.000000         0.000000         0.000000
       -13.944637         0.000000         0.000000         0.000000
       -13.921995         0.000000         0.000000         0.000000
       -13.899354         0.000000         0.000000         0.000000
       -13.876712         0.000000         0.000000         0.000000
       -13.854070         0.000000         0.000000         0.000000
       -13.831428         0.000000         0.000000         0.000000
       -13.808787         0.000000         0.000000         0.000000
       -13.786145         0.000000         0.000000         0.000000
       -13.763503         0.000000         0.000000         0.000000
       -13.740861         0.000000         0.000000         0.000000
       -13.718220         0.000000         0.000000         0.000000
       -13.695578         0.000000         0.000000         0.000000
       -13.672936         0.000000         0.000000         0.000000
       -13.650295         0.000000         0.000000         0.000000
       -13.627653         0.000000         0.000000         0.000000
       -13.605011         0.000000         0.000000         0.000000
       -13.582369         0.000000         0.000000         0.000000
       -13.559728         0.000000         0.000000         0.000000
       -13.537086         0.000000         0.000000         0.000000
       -13.514444         0.000000         0.000000         0.000000
       -13.491802         0.000000         0.000000         0.000000
       -13.469161         0.000000         0.000000         0.000000
       -13.446519         0.000000         0.000000         0.000000
       -13.423877         0.000000         0.000000         0.000000
       -13.401236         0.000000         0.000000         0.000000
       -13.378594         0.000000         0.000000         0.000000
       -13.355952         0.000000         0.000000         0.000000
       -13.333310         0.000000         0.000000         0.000000
       -13.310669         0.000000         0.000000         0.000000
       -13.288027         0.000000         0.000000         0.000000
       -13.265385         0.000000         0.000000         0.000000
       -13.242743         0.000000         0.000000         0.000000
       -13.220102         0.000000         0.000000         0.000000
       -13.197460         0.000000         0.000000         0.000000
       -13.174818         0.000000         0.000000         0.000000
       -13.152177         0.000000         0.000000         0.000000
       -13.129535         0.000000         0.000000         0.000000
       -13.106893         0.000000         0.000000         0.000000
       -13.084251         0.000000         0.000000         0.000000
       -13.061610         0.000000         0.000000         0.000000
       -13.038968         0.000000         0.000000         0.000000
       -13.016326         0.000000         0.000000         0.000000
       -12.993684         0.000000         0.000000         0.000000
       -12.971043         0.000000         0.000000         0.000000
       -12.948401         0.000000         0.000000         0.000000
       -12.925759         0.000000         0.000000         0.000000
       -12.903118         0.000000         0.000000         0.000000
       -12.880476         0.000000         0.000000         0.000000
       -12.857834         0.000000         0.000000         0.000000
       -12.835192         0.000000         0.000000         0.000000
       -12.812551         0.000000         0.000000         0.000000
       -12.789909         0.000000         0.000000         0.000000
       -12.767267         0.000000         0.000000         0.000000
       -12.744625         0.000000         0.000000         0.000000
       -12.721984         0.000000         0.000000         0.000000
       -12.699342         0.000000         0.000000         0.000000
       -12.676700         0.000000         0.000000         0.000000
       -12.654059         0.000000         0.000000         0.000000
       -12.631417         0.000000         0.000000         0.000000
       -12.608775         0.000000         0.000000         0.000000
       -12.586133         0.000000         0.000000         0.000000
       -12.563492         0.000000         0.000000         0.000000
       -12.540850         0.000000         0.000000         0.000000
       -12.518208         0.000000         0.000000         0.000000
       -12.495566         0.000000         0.000000         0.000000
       -12.472925         0.000000         0.000000         0.000000
       -12.450283         0.000000         0.000000         0.000000
       -12.427641         0.000000         0.000000         0.000000
       -12.405000         0.000000         0.000000         0.000000
       -12.382358         0.000000         0.000000         0.000000
       -12.359716         0.000000         0.000000         0.000000
       -12.337074         0.000000         0.000000         0.000000
       -12.314433         0.000000         0.000000         0.000000
       -12.291791         0.000000         0.000000         0.000000
       -12.269149         0.000000         0.000000         0.000000
       -12.246507         0.000000         0.000000         0.000000
       -12.223866         0.000000         0.000000         0.000000
       -12.201224         0.000000         0.000000         0.000000
       -12.178582         0.000000         0.000000         0.000000
       -12.155941         0.000000         0.000000         0.000000
       -12.133299         0.000000         0.000000         0.000000
       -12.110657         0.000000         0.000000         0.000000
       -12.088015         0.000000         0.000000         0.000000
       -12.065374         0.000000         0.000000         0.000000
       -12.042732         0.000000         0.000000         0.000000
       -12.020090         0.000000         0.000000         0.000000
       -11.997448         0.000000         0.000000         0.000000
       -11.974807         0.000000         0.000000         0.000000
       -11.952165         0.000000         0.000000         0.000000
       -11.929523         0.000000         0.000000         0.000000
       -11.906882         0.000000         0.000000         0.000000
       -11.884240         0.000000         0.000000         0.000000
       -11.861598         0.000000         0.000000         0.000000
       -11.838956         0.000000         0.000000         0.000000
       -11.816315         0.000000         0.000000         0.000000
       -11.793673         0.000000         0.000000         0.000000
       -11.771031         0.000000         0.000000         0.000000
       -11.748389         0.000000         0.000000         0.000000
       -11.725748         0.000000         0.000000         0.000000
       -11.703106         0.000000         0.000000         0.000000
       -11.680464         0.000000         0.000000         0.000000
       -11.657823         0.000004         0.000003         0.000000
       -11.635181         0.000040         0.000029         0.000000
       -11.612539         0.000354         0.000254         0.000000
       -11.589897         0.002559         0.001835         0.000000
       -11.567256         0.015113         0.010837         0.000000
       -11.544614         0.072907         0.052283         0.000000
       -11.521972         0.287414         0.206118         0.000000
       -11.499330         0.926041         0.664118         0.000000
       -11.476689         2.438885         1.749104         0.000000
       -11.454047         5.251032         3.765988         0.000000
       -11.431405         9.243442         6.629462         0.000000
       -11.408764        13.304284         9.542162         0.000000
       -11.386122        15.658130        11.230686         0.000000
       -11.363480        15.069154        10.808530         0.000000
       -11.340838        11.858679         8.506006         0.000000
       -11.318197         7.630763         5.473550         0.000000
       -11.295555         4.014744         2.879857         0.000000
       -11.272913         1.726908         1.238780         0.000000
       -11.250271         0.607233         0.435604         0.000000
       -11.227630         0.174526         0.125201         0.000000
       -11.204988         0.040994         0.029409         0.000000
       -11.182346         0.007868         0.005645         0.000000
       -11.159705         0.001234         0.000885         0.000000
       -11.137063         0.000158         0.000113         0.000000
       -11.114421         0.000017         0.000012         0.000000
       -11.091779         0.000001         0.000001         0.000000
       -11.069138         0.000000         0.000000         0.000000
       -11.046496         0.000000         0.000000         0.000000
       -11.023854         0.000000         0.000000         0.000000
       -11.001212         0.000000         0.000000         0.000000
       -10.978571         0.000000         0.000000         0.000000
       -10.955929         0.000000         0.000000         0.000000
       -10.933287         0.000000         0.000000         0.000000
       -10.910646         0.000000         0.000000         0.000000
       -10.888004         0.000000         0.000000         0.000000
       -10.865362         0.000000         0.000000         0.000000
       -10.842720         0.000000         0.000000         0.000000
       -10.820079         0.000000         0.000000         0.000000
       -10.797437         0.000000         0.000000         0.000000
       -10.774795         0.000000         0.000000         0.000000
       -10.752153         0.000000         0.000000         0.000000
       -10.729512         0.000000         0.000000         0.000000
       -10.706870         0.000000         0.000000         0.000000
       -10.684228         0.000000         0.000000         0.000000
       -10.661587         0.000000         0.000000         0.000000
       -10.638945         0.000000         0.000000         0.000000
       -10.616303         0.000000         0.000000         0.000000
       -10.593661         0.000000         0.000000         0.000000
       -10.571020         0.000000         0.000000         0.000000
       -10.548378         0.000000         0.000000         0.000000
       -10.525736         0.000000         0.000000         0.000000
       -10.503094         0.000000         0.000000         0.000000
       -10.480453         0.000000         0.000000         0.000000
       -10.457811         0.000000         0.000000         0.000000
       -10.435169         0.000000         0.000000         0.000000
       -10.412528         0.000000         0.000000         0.000000
       -10.389886         0.000000         0.000000         0.000000
       -10.367244         0.000000         0.000000         0.000000
       -10.344602         0.000000         0.000000         0.000000
       -10.321961         0.000000         0.000000         0.000000
       -10.299319         0.000000         0.000000         0.000000
       -10.276677         0.000000         0.000000         0.000000
       -10.254035         0.000000         0.000000         0.000000
       -10.231394         0.000000         0.000000         0.000000
       -10.208752         0.000000         0.000000         0.000000
       -10.186110         0.000000         0.000000         0.000000
       -10.163469         0.000000         0.000000         0.000000
       -10.140827         0.000000         0.000000         0.000000
       -10.118185         0.000000         0.000000         0.000000
       -10.095543         0.000000         0.000000         0.000000
       -10.072902         0.000000         0.000000         0.000000
       -10.050260         0.000000         0.000000         0.000000
       -10.027618         0.000000         0.000000         0.000000
       -10.004976         0.000000         0.000000         0.000000
        -9.982335         0.000000         0.000000         0.000000
        -9.959693         0.000000         0.000000         0.000000
        -9.937051         0.000000         0.000000         0.000000
        -9.914410         0.000000         0.000000         0.000000
        -9.891768         0.000000         0.000000         0.000000
        -9.869126         0.000000         0.000000         0.000000
        -9.846484         0.000000         0.000000         0.000000
        -9.823843         0.000000         0.000000         0.000000
        -9.801201         0.000000         0.000000         0.000000
        -9.778559         0.000000         0.000000         0.000000
        -9.755917         0.000000         0.000000         0.000000
        -9.733276         0.000000         0.000000         0.000000
        -9.710634         0.000000         0.000000         0.000000
        -9.687992         0.000002         0.000001         0.000000
        -9.665351         0.000019         0.000012         0.000000
        -9.642709         0.000171         0.000110         0.000000
        -9.620067         0.001241         0.000796         0.000000
        -9.597425         0.007368         0.004731         0.000000
        -9.574784         0.035755         0.022965         0.000000
        -9.552142         0.141757         0.091068         0.000000
        -9.529500         0.459133         0.295025         0.000000
        -9.506859         1.214771         0.780748         0.000000
        -9.484217         2.625264         1.687651         0.000000
        -9.461575         4.633740         2.979415         0.000000
        -9.438933         6.679194         4.295453         0.000000
        -9.416292         7.861406         5.056694         0.000000
        -9.393650         7.554537         4.860171         0.000000
        -9.371008         5.926427         3.813374         0.000000
        -9.348366         3.794903         2.442224         0.000000
        -9.325725         1.983244         1.276512         0.000000
        -9.303083         0.845794         0.544469         0.000000
        -9.280441         0.294316         0.189486         0.000000
        -9.257800         0.083555         0.053800         0.000000
        -9.235158         0.019350         0.012461         0.000000
        -9.212516         0.003655         0.002354         0.000000
        -9.189874         0.000563         0.000363         0.000000
        -9.167233         0.000071         0.000046         0.000000
        -9.144591         0.000007         0.000005         0.000000
        -9.121949         0.000001         0.000000         0.000000
        -9.099307         0.000000         0.000000         0.000000
        -9.076666         0.000000         0.000000         0.000000
        -9.054024         0.000000         0.000000         0.000000
        -9.031382         0.000000         0.000000         0.000000
        -9.008741         0.000000         0.000000         0.000000
        -8.986099         0.000000         0.000000         0.000000
        -8.963457         0.000000         0.000000         0.000000
        -8.940815         0.000000         0.000000         0.000000
        -8.918174         0.000000         0.000000         0.000000
        -8.895532         0.000000         0.000000         0.000000
        -8.872890         0.000000         0.000000         0.000000
        -8.850248         0.000000         0.000000         0.000000
        -8.827607         0.000000         0.000000         0.000000
        -8.804965         0.000000         0.000000         0.000000
        -8.782323         0.000000         0.000000         0.000000
        -8.759682         0.000000         0.000000         0.000000
        -8.737040         0.000000         0.000000         0.000000
        -8.714398         0.000000         0.000000         0.000000
        -8.691756         0.000000         0.000000         0.000000
        -8.669115         0.000000         0.000000         0.000000
        -8.646473         0.000000         0.000000         0.000000
        -8.623831         0.000000         0.000000         0.000000
        -8.601189         0.000000         0.000000         0.000000
        -8.578548         0.000000         0.000000         0.000000
        -8.555906         0.000000         0.000000         0.000000
        -8.533264         0.000000         0.000000         0.000000
        -8.510623         0.000000         0.000000         0.000000
        -8.487981         0.000000         0.000000         0.000000
        -8.465339         0.000000         0.000000         0.000000
        -8.442697         0.000000         0.000000         0.000000
        -8.420056         0.000000         0.000000         0.000000
        -8.397414         0.000000         0.000000         0.000000
        -8.374772         0.000000         0.000000         0.000000
        -8.352130         0.000000         0.000000         0.000000
        -8.329489         0.000000         0.000000         0.000000
        -8.306847         0.000000         0.000000         0.000000
        -8.284205         0.000000         0.000000         0.000000
        -8.261564         0.000000         0.000000         0.000000
        -8.238922         0.000000         0.000000         0.000000
        -8.216280         0.000000         0.000000         0.000000
        -8.193638         0.000000         0.000000         0.000000
        -8.170997         0.000000         0.000000         0.000000
        -8.148355         0.000000         0.000000         0.000000
        -8.125713         0.000000         0.000000         0.000000
        -8.103071         0.000000         0.000000         0.000000
        -8.080430         0.000000         0.000000         0.000000
        -8.057788         0.000000         0.000000         0.000000
        -8.035146         0.000000         0.000000         0.000000
        -8.012505         0.000000         0.000000         0.000000
        -7.989863         0.000006         0.000004         0.000000
        -7.967221         0.000056         0.000040         0.000000
        -7.944579         0.000449         0.000326         0.000001
        -7.921938         0.002969         0.002158         0.000004
        -7.899296         0.016032         0.011655         0.000019
        -7.876654         0.070713         0.051408         0.000085
        -7.854012         0.254749         0.185212         0.000307
        -7.831371         0.749573         0.544998         0.000910
        -7.808729         1.801235         1.309709         0.002202
        -7.786087         3.534640         2.570233         0.004349
        -7.763446         5.663677         4.118580         0.007011
        -7.740804         7.409459         5.388357         0.009226
        -7.718162         7.913407         5.755104         0.009908
        -7.695520         6.898991         5.017578         0.008683
        -7.672879         4.909619         3.570876         0.006208
        -7.650237         2.854880         2.076535         0.003622
        -7.627595         1.373037         0.998928         0.001724
        -7.604953         0.617183         0.449840         0.000672
        -7.582312         0.494734         0.362904         0.000231
        -7.559670         0.977346         0.718873         0.000173
        -7.537028         2.169137         1.593003         0.000599
        -7.514387         4.077126         2.981347         0.002383
        -7.491745         6.295459         4.560748         0.007858
        -7.469103         8.005154         5.685401         0.021128
        -7.446461         8.474318         5.773867         0.046277
        -7.423820         7.625941         4.776857         0.082569
        -7.401178         6.033507         3.219488         0.120009
        -7.378536         4.370936         1.767666         0.142086
        -7.355894         2.975629         0.790648         0.137036
        -7.333253         1.886036         0.288095         0.107662
        -7.310611         1.072955         0.085518         0.068902
        -7.287969         0.526947         0.020680         0.035921
        -7.265328         0.217396         0.004074         0.015255
        -7.242686         0.074182         0.000654         0.005277
        -7.220044         0.020771         0.000085         0.001487
        -7.197402         0.004754         0.000009         0.000341
        -7.174761         0.000888         0.000001         0.000064
        -7.152119         0.000135         0.000000         0.000010
        -7.129477         0.000017         0.000000         0.000001
        -7.106835         0.000002         0.000000         0.000000
        -7.084194         0.000001         0.000001         0.000000
        -7.061552         0.000011         0.000007         0.000000
        -7.038910         0.000102         0.000065         0.000002
        -7.016269         0.000774         0.000495         0.000011
        -6.993627         0.004836         0.003097         0.000070
        -6.970985         0.024817         0.015935         0.000348
        -6.948343         0.104872         0.067568         0.001427
        -6.925702         0.366040         0.236857         0.004779
        -6.903060         1.059261         0.688982         0.013122
        -6.880418         2.552768         1.669697         0.029679
        -6.857776         5.149625         3.384124         0.055937
        -6.835135         8.748870         5.754440         0.090200
        -6.812493        12.622648         8.225453         0.131403
        -6.789851        15.674879         9.889603         0.187725
        -6.767210        17.152828         9.998748         0.278580
        -6.744568        17.172547         8.504514         0.417410
        -6.721926        16.428728         6.113043         0.583670
        -6.699284        15.362846         3.770209         0.716504
        -6.676643        13.787152         2.068340         0.751402
        -6.654001        11.396924         1.074315         0.673932
        -6.631359         8.443569         0.564882         0.537098
        -6.608717         5.700450         0.310812         0.421438
        -6.586076         3.819907         0.182911         0.373610
        -6.563434         2.854234         0.121792         0.377288
        -6.540792         2.375781         0.092576         0.377697
        -6.518151         1.939064         0.071985         0.333156
        -6.495509         1.391881         0.050658         0.245794
        -6.472867         0.836036         0.030208         0.148986
        -6.450225         0.413430         0.014885         0.073864
        -6.427584         0.171361         0.006066         0.030456
        -6.404942         0.078684         0.002316         0.013042
        -6.382300         0.109673         0.001848         0.015213
        -6.359658         0.315519         0.004340         0.040863
        -6.337017         0.855332         0.011704         0.107142
        -6.314375         1.956114         0.029101         0.237205
        -6.291733         3.767663         0.068216         0.441470
        -6.269092         6.179764         0.153227         0.698319
        -6.246450         8.806336         0.321972         0.957557
        -6.223808        11.244133         0.605401         1.173624
        -6.201166        13.349559         0.981080         1.335766
        -6.178525        15.168303         1.340531         1.458302
        -6.155883        16.639061         1.530314         1.549038
        -6.133241        17.592919         1.459641         1.608406
        -6.110599        18.133432         1.174073         1.661417
        -6.087958        18.830890         0.815616         1.765817
        -6.065316        20.362629         0.515399         1.972513
        -6.042674        22.977530         0.327941         2.289528
        -6.020033        26.397611         0.245568         2.704099
        -5.997391        30.298417         0.241679         3.242071
        -5.974749        34.844848         0.288746         3.977044
        -5.952107        40.490889         0.352951         4.931762
        -5.929466        47.041761         0.396966         5.964306
        -5.906824        53.345312         0.398804         6.842186
        -5.884182        58.624120         0.364963         7.518695
        -5.861540        63.859621         0.323028         8.267898
        -5.838899        70.704527         0.302678         9.389715
        -5.816257        78.677949         0.317957        10.770925
        -5.793615        84.347988         0.356651        11.871432
        -5.770974        83.875009         0.384779        12.181316
        -5.748332        76.049190         0.370025        11.598861
        -5.725690        62.952088         0.307209        10.377730
        -5.703048        48.570326         0.220997         8.891663
        -5.680407        37.036632         0.144616         7.535242
        -5.657765        31.151391         0.097508         6.676713
        -5.635123        31.339013         0.079259         6.499470
        -5.612481        35.665458         0.077254         6.897240
        -5.589840        41.196635         0.077643         7.632196
        -5.567198        45.695478         0.072740         8.577124
        -5.544556        48.277243         0.062173         9.701717
        -5.521915        48.834691         0.049135        10.820101
        -5.499273        47.324410         0.036451        11.476747
        -5.476631        43.960415         0.025572        11.236755
        -5.453989        40.084290         0.017350        10.186354
        -5.431348        38.313941         0.012477         9.127802
        -5.408706        41.099375         0.011351         9.150993
        -5.386064        48.727628         0.013826        10.829179
        -5.363422        58.687918         0.019025        13.670511
        -5.340781        67.027625         0.025492        16.332744
        -5.318139        70.596324         0.031795        17.527434
        -5.295497        68.526145         0.036834        16.871842
        -5.272856        62.019981         0.039501        14.920997
        -5.250214        53.046451         0.038619        12.493757
        -5.227572        43.532543         0.034020        10.149881
        -5.204930        35.587199         0.027667         8.250689
        -5.182289        31.485314         0.023242         7.156026
        -5.159647        32.445550         0.024215         7.081883
        -5.137005        37.228691         0.031638         7.798950
        -5.114363        42.278498         0.043168         8.621232
        -5.091722        43.748138         0.054860         8.791093
        -5.069080        40.067725         0.066188         7.988247
        -5.046438        33.124462         0.085108         6.598393
        -5.023797        27.045352         0.127609         5.528794
        -5.001155        25.514123         0.209729         5.666012
        -4.978513        29.713371         0.338859         7.323039
        -4.955871        38.069263         0.520582        10.007136
        -4.933230        47.356669         0.797276        12.642920
        -4.910588        54.294125         1.305890        14.155417
        -4.887946        57.061689         2.282207        14.067743
        -4.865304        56.011860         3.914599        12.681752
        -4.842663        52.902725         6.067571        10.735479
        -4.820021        49.295130         8.118780         8.920278
        -4.797379        45.902451         9.199532         7.702265
        -4.774738        43.497731         8.776095         7.431379
        -4.752096        43.695318         7.066854         8.361832
        -4.729454        48.060453         4.867910        10.451127
        -4.706812        56.599796         2.966532        13.257047
        -4.684171        67.696485         1.711907        16.176573
        -4.661529        79.354749         1.034231        18.770805
        -4.638887        89.815040         0.709986        20.805850
        -4.616245        97.048483         0.558060        22.072652
        -4.593604        98.775150         0.477039        22.314625
        -4.570962        93.963791         0.413825        21.380837
        -4.548320        84.425557         0.344116        19.472563
        -4.525679        74.530556         0.269446        17.272764
        -4.503037        68.794541         0.207755        15.732497
        -4.480395        69.018803         0.174190        15.494541
        -4.457753        73.158035         0.167588        16.366844
        -4.435112        76.885610         0.172889        17.377574
        -4.412470        76.770425         0.173831        17.472085
        -4.389828        72.659132         0.163664        16.318037
        -4.367186        67.458771         0.146543        14.547529
        -4.344545        64.580316         0.130422        13.212935
        -4.321903        65.118893         0.118520        12.917914
        -4.299261        67.002273         0.107153        13.390565
        -4.276620        66.730381         0.091032        13.845172
        -4.253978        62.200916         0.069420        13.719098
        -4.231336        54.226765         0.046990        13.045259
        -4.208694        45.560800         0.030321        12.172851
        -4.186053        38.592564         0.024950        11.295626
        -4.163411        34.052233         0.035053        10.404960
        -4.140769        31.681632         0.063524         9.642934
        -4.118127        31.515633         0.109842         9.463403
        -4.095486        33.992168         0.166519        10.290774
        -4.072844        38.915262         0.218404        12.055329
        -4.050202        44.879506         0.248591        14.163129
        -4.027561        50.191722         0.248865        15.986278
        -4.004919        54.383443         0.226026        17.405518
        -3.982277        58.448657         0.196797        18.833757
        -3.959635        63.276546         0.174993        20.633003
        -3.936994        68.001370         0.163185        22.507014
        -3.914352        70.269125         0.156055        23.545962
        -3.891710        68.160809         0.149874        22.913375
        -3.869068        61.752315         0.147213        20.518519
        -3.846427        53.192236         0.152856        17.148161
        -3.823785        45.836030         0.166875        14.086859
        -3.801143        43.034035         0.183260        12.514916
        -3.778502        46.547294         0.195348        12.919663
        -3.755860        55.135837         0.201746        14.789598
        -3.733218        64.847206         0.207215        16.915485
        -3.710576        71.595331         0.218586        18.250972
        -3.687935        73.998202         0.238206        18.638824
        -3.665293        73.591099         0.259027        18.671338
        -3.642651        72.273799         0.268227        18.835604
        -3.620009        70.030038         0.261334        18.904291
        -3.597368        65.454346         0.254380        18.228353
        -3.574726        58.098032         0.276632        16.524037
        -3.552084        49.643034         0.344410        14.232748
        -3.529443        42.763045         0.440050        12.147072
        -3.506801        39.438681         0.519509        10.867550
        -3.484159        40.599454         0.543746        10.673697
        -3.461517        46.652565         0.504232        11.705575
        -3.438876        57.336632         0.421670        13.995979
        -3.416234        70.824794         0.326784        17.253594
        -3.393592        83.631952         0.245180        20.734239
        -3.370950        92.161510         0.194596        23.453510
        -3.348309        94.630274         0.186232        24.603811
        -3.325667        91.545259         0.221203        23.877439
        -3.303025        84.545059         0.285235        21.528629
        -3.280384        75.041753         0.353460        18.176052
        -3.257742        63.970364         0.408912        14.498420
        -3.235100        52.562781         0.458957        11.053922
        -3.212458        42.868333         0.529250         8.278500
        -3.189817        36.969179         0.635947         6.478067
        -3.167175        35.460445         0.760980         5.716858
        -3.144533        36.930881         0.855636         5.762076
        -3.121891        39.240482         0.874777         6.223372
        -3.099250        41.354225         0.815429         6.777156
        -3.076608        43.863333         0.723182         7.282996
        -3.053966        47.848786         0.657003         7.752557
        -3.031325        53.512470         0.645600         8.267889
        -3.008683        59.931065         0.674952         8.917535
        -2.986041        65.746962         0.711598         9.733125
        -2.963399        69.822803         0.736349        10.633370
        -2.940758        71.572939         0.762049        11.456414
        -2.918116        71.165848         0.824926        12.070644
        -2.895474        69.381388         0.957493        12.404833
        -2.872832        67.003047         1.159070        12.361088
        -2.850191        64.327760         1.379388        11.807087
        -2.827549        61.202530         1.533170        10.727044
        -2.804907        57.219663         1.549528         9.307485
        -2.782266        51.803149         1.418133         7.796235
        -2.759624        44.497771         1.185297         6.315227
        -2.736982        35.498390         0.910968         4.863094
        -2.714340        25.835569         0.639510         3.457293
        -2.691699        16.913666         0.401591         2.204681
        -2.669057         9.831275         0.219760         1.233586
        -2.646415         5.003845         0.102432         0.596413
        -2.623773         2.200023         0.040011         0.246936
        -2.601132         0.836947         0.012974         0.089556
        -2.578490         0.327025         0.003527         0.039827
        -2.555848         0.308912         0.001005         0.056704
        -2.533207         0.701386         0.000867         0.144803
        -2.510565         1.595636         0.001880         0.333067
        -2.487923         3.018240         0.004371         0.630252
        -2.465281         4.689387         0.010309         0.977901
        -2.442640         6.044896         0.025164         1.255947
        -2.419998         6.647504         0.059706         1.368687
        -2.397356         6.613891         0.126624         1.335646
        -2.374714         6.487961         0.227687         1.270032
        -2.352073         6.603792         0.338824         1.251032
        -2.329431         6.696477         0.413259         1.240785
        -2.306789         6.271586         0.411626         1.149370
        -2.284148         5.291810         0.334427         0.965076
        -2.261506         4.364154         0.221740         0.793698
        -2.238864         4.238576         0.120701         0.769081
        -2.216222         5.154298         0.056060         0.933533
        -2.193581         6.628553         0.027871         1.197720
        -2.170939         7.867056         0.027665         1.412877
        -2.148297         8.496264         0.053515         1.501290
        -2.125655         8.987951         0.113686         1.533923
        -2.103014        10.264043         0.216440         1.667691
        -2.080372        12.666170         0.350197         1.975515
        -2.057730        15.244323         0.471847         2.326800
        -2.035089        16.264079         0.524662         2.461300
        -2.012447        14.647537         0.479493         2.210820
        -1.989805        10.917252         0.359504         1.647326
        -1.967163         6.683824         0.220927         1.009193
        -1.944522         3.351647         0.111223         0.506598
        -1.921880         1.375018         0.045855         0.208091
        -1.899238         0.461258         0.015477         0.069900
        -1.876596         0.126484         0.004276         0.019195
        -1.853955         0.028346         0.000966         0.004308
        -1.831313         0.005191         0.000179         0.000790
        -1.808671         0.000777         0.000027         0.000118
        -1.786030         0.000095         0.000003         0.000014
        -1.763388         0.000009         0.000000         0.000001
        -1.740746         0.000001         0.000000         0.000000
        -1.718104         0.000000         0.000000         0.000000
        -1.695463         0.000000         0.000000         0.000000
        -1.672821         0.000000         0.000000         0.000000
        -1.650179         0.000000         0.000000         0.000000
        -1.627537         0.000000         0.000000         0.000000
        -1.604896         0.000000         0.000000         0.000000
        -1.582254         0.000000         0.000000         0.000000
        -1.559612         0.000000         0.000000         0.000000
        -1.536971         0.000000         0.000000         0.000000
        -1.514329         0.000000         0.000000         0.000000
        -1.491687         0.000000         0.000000         0.000000
        -1.469045         0.000000         0.000000         0.000000
        -1.446404         0.000000         0.000000         0.000000
        -1.423762         0.000000         0.000000         0.000000
        -1.401120         0.000000         0.000000         0.000000
        -1.378478         0.000000         0.000000         0.000000
        -1.355837         0.000000         0.000000         0.000000
        -1.333195         0.000000         0.000000         0.000000
        -1.310553         0.000000         0.000000         0.000000
        -1.287912         0.000000         0.000000         0.000000
        -1.265270         0.000000         0.000000         0.000000
        -1.242628         0.000000         0.000000         0.000000
        -1.219986         0.000000         0.000000         0.000000
        -1.197345         0.000000         0.000000         0.000000
        -1.174703         0.000004         0.000000         0.000001
        -1.152061         0.000037         0.000000         0.000005
        -1.129419         0.000276         0.000002         0.000036
        -1.106778         0.001682         0.000010         0.000219
        -1.084136         0.008370         0.000050         0.001090
        -1.061494         0.034028         0.000204         0.004438
        -1.038853         0.113350         0.000676         0.014833
        -1.016211         0.311081         0.001844         0.040962
        -0.993569         0.710603         0.004166         0.094653
        -0.970927         1.375297         0.007915         0.186897
        -0.948286         2.317546         0.012986         0.324929
        -0.925644         3.516599         0.019190         0.513819
        -0.903002         4.942164         0.026934         0.754757
        -0.880360         6.498888         0.037589         1.031009
        -0.857719         7.952366         0.052894         1.296803
        -0.835077         8.994598         0.073240         1.493650
        -0.812435         9.396954         0.095265         1.579212
        -0.789794         9.046349         0.111002         1.532646
        -0.767152         7.910149         0.111661         1.347507
        -0.744510         6.123359         0.094637         1.046836
        -0.721868         4.083350         0.066601         0.699622
        -0.699227         2.295556         0.038603         0.393840
        -0.676585         1.072602         0.018347         0.184178
        -0.653943         0.413291         0.007134         0.071003
        -0.631301         0.132258         0.002272         0.022707
        -0.608660         0.043521         0.000622         0.007345
        -0.586018         0.050970         0.000275         0.008149
        -0.563376         0.161842         0.000560         0.025582
        -0.540735         0.482002         0.001574         0.076167
        -0.518093         1.184379         0.003744         0.187243
        -0.495451         2.387160         0.007300         0.377615
        -0.472809         3.951527         0.011684         0.625474
        -0.450168         5.392946         0.015523         0.854076
        -0.427526         6.133642         0.017670         0.971170
        -0.404884         5.995918         0.018728         0.946175
        -0.382242         5.486611         0.021529         0.852926
        -0.359601         5.603535         0.029786         0.833973
        -0.336959         7.385772         0.045553         1.024318
        -0.314317        11.460532         0.066715         1.487097
        -0.291676        17.502803         0.086170         2.161230
        -0.269034        23.759814         0.094696         2.829485
        -0.246392        27.464785         0.087063         3.183030
        -0.223750        26.530385         0.066363         3.011136
        -0.201109        21.223171         0.041760         2.369681
        -0.178467        14.009529         0.021866         1.544630
        -0.155825         7.684995         0.010449         0.841570
        -0.133183         3.735747         0.007422         0.415909
        -0.110542         2.201190         0.012031         0.268456
        -0.087900         2.450304         0.024079         0.331247
        -0.065258         3.748694         0.042215         0.522114
        -0.042617         5.360978         0.062017         0.749743
        -0.019975         6.651679         0.077559         0.929176
         0.002667         7.404924         0.086096         1.029552
         0.025309         7.965123         0.090245         1.095208
         0.047950         8.824797         0.093796         1.189690
         0.070592         9.998113         0.095906         1.312837
         0.093234        10.875687         0.091520         1.386972
         0.115876        10.715135         0.077539         1.326518
         0.138517         9.247960         0.056792         1.112688
         0.161159         6.871358         0.035673         0.805683
         0.183801         4.353133         0.019334         0.499272
         0.206442         2.359929         0.009530         0.265616
         0.229084         1.179447         0.005705         0.130168
         0.251726         0.765901         0.006886         0.082758
         0.274368         0.938405         0.012424         0.102751
         0.297009         1.516585         0.021447         0.176867
         0.319651         2.378735         0.032391         0.309886
         0.342293         3.549003         0.043843         0.536717
         0.364935         5.280901         0.055680         0.924618
         0.387576         7.945187         0.068212         1.540162
         0.410218        11.662382         0.079760         2.381335
         0.432860        15.914589         0.086313         3.315953
         0.455501        19.476250         0.084519         4.079732
         0.478143        20.872827         0.074401         4.370943
         0.500785        19.255236         0.058866         4.024303
         0.523427        15.087154         0.041634         3.146308
         0.546068         9.938251         0.025940         2.068445
         0.568710         5.462564         0.013963         1.134987
         0.591352         2.492076         0.006376         0.517044
         0.613993         0.940141         0.002436         0.194816
         0.636635         0.292518         0.000771         0.060552
         0.659277         0.074951         0.000202         0.015499
         0.681919         0.016036         0.000046         0.003294
         0.704560         0.004478         0.000028         0.000790
         0.727202         0.009847         0.000108         0.001307
         0.749844         0.041764         0.000468         0.005415
         0.772486         0.150468         0.001671         0.019471
         0.795127         0.444517         0.004860         0.057412
         0.817769         1.078050         0.011534         0.138865
         0.840411         2.152359         0.022345         0.276248
         0.863052         3.550300         0.035371         0.453485
         0.885694         4.858834         0.045807         0.616803
         0.908336         5.542892         0.048615         0.698284
         0.930978         5.294790         0.042381         0.661055
         0.953619         4.250761         0.030439         0.525429
         0.976261         2.873972         0.018080         0.351563
         0.998903         1.636331         0.008920         0.198142
         1.021545         0.782884         0.003672         0.093921
         1.044186         0.313610         0.001269         0.037323
         1.066828         0.105018         0.000384         0.012415
         1.089470         0.031309         0.000194         0.003675
         1.112111         0.019113         0.000578         0.002201
         1.134753         0.055871         0.002451         0.006372
         1.157395         0.195477         0.008758         0.022257
         1.180037         0.571009         0.025606         0.064955
         1.202678         1.367362         0.061207         0.155488
         1.225320         2.689831         0.119675         0.306188
         1.247962         4.374261         0.191544         0.500086
         1.270604         5.961570         0.251288         0.689411
         1.293245         7.003041         0.270981         0.830350
         1.315887         7.456184         0.241844         0.924186
         1.338529         7.694901         0.181944         1.011177
         1.361170         8.087723         0.121531         1.118461
         1.383812         8.654599         0.082037         1.227229
         1.406454         9.136611         0.067705         1.293937
         1.429096         9.239917         0.071639         1.285310
         1.451737         8.794279         0.087887         1.190696
         1.474379         7.926507         0.122965         1.031251
         1.497021         7.249657         0.200005         0.876690
         1.519663         7.703840         0.346214         0.830194
         1.542304         9.884297         0.564465         0.960494
         1.564946        13.346032         0.810660         1.233281
         1.587588        16.606997         1.003618         1.513889
         1.610229        18.023189         1.068658         1.650604
         1.632871        16.899649         0.984757         1.574576
         1.655513        13.945435         0.800170         1.340928
         1.678155        10.741006         0.602825         1.087188
         1.700796         8.675932         0.463573         0.942552
         1.723438         8.134021         0.394906         0.946538
         1.746080         8.462143         0.359134         1.033183
         1.768722         8.721942         0.314921         1.103686
         1.791363         8.634990         0.255411         1.138452
         1.814005         8.890896         0.205688         1.242873
         1.836647        10.471968         0.191419         1.561617
         1.859288        13.550571         0.212857         2.119218
         1.881930        16.977335         0.244654         2.732588
         1.904572        18.924714         0.256765         3.099395
         1.927214        18.225691         0.237655         3.012194
         1.949855        15.248345         0.203279         2.514696
         1.972497        11.543134         0.188725         1.857945
         1.995139         8.676042         0.230002         1.309317
         2.017781         7.306073         0.342029         0.993626
         2.040422         7.069901         0.498411         0.871822
         2.063064         7.067156         0.631207         0.821306
         2.085706         6.518413         0.669734         0.734357
         2.108347         5.245669         0.600291         0.578709
         2.130989         3.708835         0.493733         0.396884
         2.153631         2.616479         0.472592         0.257988
         2.176273         2.462647         0.642141         0.206939
         2.198914         3.288965         1.023269         0.244168
         2.221556         4.693687         1.517532         0.333305
         2.244198         6.034157         1.941744         0.422949
         2.266840         6.781982         2.139799         0.474379
         2.289481         6.840109         2.094253         0.482227
         2.312123         6.555064         1.932819         0.472167
         2.334765         6.394994         1.819740         0.476146
         2.357406         6.552460         1.826130         0.504089
         2.380048         6.776983         1.880075         0.532992
         2.402690         6.578017         1.832096         0.523310
         2.425332         5.653190         1.584664         0.452050
         2.447973         4.159818         1.173769         0.333323
         2.470615         2.576715         0.731607         0.206613
         2.493257         1.332307         0.380476         0.106840
         2.515899         0.572447         0.164352         0.045898
         2.538540         0.203817         0.058801         0.016337
         2.561182         0.060005         0.017387         0.004808
         2.583824         0.014580         0.004241         0.001168
         2.606465         0.002919         0.000852         0.000234
         2.629107         0.000481         0.000141         0.000038
         2.651749         0.000065         0.000019         0.000005
         2.674391         0.000009         0.000002         0.000001
         2.697032         0.000016         0.000001         0.000001
         2.719674         0.000123         0.000007         0.000004
         2.742316         0.000818         0.000049         0.000027
         2.764958         0.004415         0.000265         0.000146
         2.787599         0.019412         0.001165         0.000641
         2.810241         0.069525         0.004171         0.002294
         2.832883         0.202844         0.012171         0.006694
         2.855524         0.482089         0.028925         0.015909
         2.878166         0.933335         0.056000         0.030800
         2.900808         1.471944         0.088317         0.048574
         2.923450         1.890989         0.113459         0.062403
         2.946091         1.978932         0.118736         0.065305
         2.968733         1.687006         0.101220         0.055671
         2.991375         1.171511         0.070291         0.038660
         3.014017         0.662704         0.039762         0.021869
         3.036658         0.305378         0.018323         0.010077
         3.059300         0.114630         0.006878         0.003783
         3.081942         0.035051         0.002103         0.001157
         3.104583         0.008731         0.000524         0.000288
         3.127225         0.001772         0.000106         0.000058
         3.149867         0.000295         0.000018         0.000010
         3.172509         0.000060         0.000002         0.000004
         3.195150         0.000184         0.000001         0.000019
         3.217792         0.001270         0.000006         0.000135
         3.240434         0.007379         0.000043         0.000775
         3.263076         0.035236         0.000254         0.003654
         3.285717         0.138486         0.001212         0.014160
         3.308359         0.448671         0.004717         0.045130
         3.331001         1.200131         0.014984         0.118492
         3.353642         2.654747         0.038833         0.256758
         3.376284         4.866336         0.082134         0.460240
         3.398926         7.418586         0.141953         0.685091
         3.421568         9.484324         0.201280         0.853996
         3.444209        10.389152         0.236939         0.910107
         3.466851        10.271238         0.239497         0.871382
         3.489493        10.116897         0.225902         0.824927
         3.512135        11.016023         0.227771         0.859324
         3.534776        13.324858         0.263233         1.000374
         3.557418        16.460884         0.318468         1.204225
         3.580060        19.335393         0.356686         1.394826
         3.602701        20.951656         0.347680         1.503789
         3.625343        20.830635         0.292098         1.497113
         3.647985        19.185779         0.219371         1.392020
         3.670627        16.840406         0.164564         1.256018
         3.693268        14.885868         0.147713         1.176979
         3.715910        14.161316         0.169433         1.214007
         3.738552        14.789104         0.216860         1.357654
         3.761194        16.054918         0.269461         1.524483
         3.783835        16.769746         0.303972         1.595479
         3.806477        15.986346         0.303693         1.487426
         3.829119        13.656542         0.270286         1.214424
         3.851760        10.700131         0.226132         0.883103
         3.874402         8.336326         0.199533         0.615616
         3.897044         7.210012         0.202527         0.468499
         3.919686         7.080178         0.221462         0.419375
         3.942327         7.308425         0.230560         0.423011
         3.964969         7.612093         0.216718         0.475122
         3.987611         8.296886         0.191425         0.620066
         4.010253         9.731032         0.177693         0.889007
         4.032894        11.636869         0.185733         1.223716
         4.055536        13.007397         0.202341         1.473082
         4.078178        12.835796         0.203588         1.491653
         4.100819        10.984936         0.176522         1.256113
         4.123461         8.337703         0.128481         0.882548
         4.146103         6.108647         0.078045         0.534483
         4.168745         5.036375         0.040069         0.323992
         4.191386         5.173049         0.018777         0.285697
         4.214028         6.274919         0.010591         0.402911
         4.236670         8.239688         0.009845         0.627359
         4.259312        11.093698         0.012265         0.881534
         4.281953        14.529621         0.015974         1.076313
         4.304595        17.540770         0.021198         1.154708
         4.327237        18.791196         0.029252         1.125625
         4.349878        17.652867         0.041781         1.054346
         4.372520        14.922257         0.061132         1.023175
         4.395162        12.348890         0.090553         1.092300
         4.417804        11.343106         0.131632         1.267915
         4.440445        12.075141         0.180017         1.484573
         4.463087        13.667090         0.224517         1.629826
         4.485729        15.077050         0.252016         1.613960
         4.508371        15.785902         0.254149         1.430366
         4.531012        15.827766         0.230574         1.152403
         4.553654        15.449992         0.188328         0.879625
         4.576296        14.937715         0.139241         0.691315
         4.598937        14.712298         0.096046         0.638204
         4.621579        15.355532         0.067876         0.752612
         4.644221        17.331660         0.057699         1.046771
         4.666863        20.637066         0.063320         1.496807
         4.689504        24.723281         0.080186         2.030400
         4.712146        28.706011         0.102868         2.530676
         4.734788        31.634569         0.124566         2.858195
         4.757430        32.746501         0.137217         2.893512
         4.780071        31.767321         0.134696         2.596083
         4.802713        29.074968         0.117353         2.044441
         4.825355        25.432299         0.093133         1.408398
         4.847996        21.508115         0.073661         0.857732
         4.870638        17.761097         0.069063         0.481419
         4.893280        14.656876         0.085579         0.277910
         4.915922        12.653714         0.125706         0.199268
         4.938563        11.912312         0.187635         0.194515
         4.961205        12.199159         0.261934         0.225167
         4.983847        13.051033         0.329514         0.262118
         5.006489        13.897245         0.369262         0.282518
         5.029130        14.130946         0.373874         0.274227
         5.051772        13.308957         0.355669         0.240211
         5.074414        11.389914         0.330982         0.193450
         5.097055         8.773841         0.301289         0.146150
         5.119697         6.101218         0.256191         0.104489
         5.142339         3.963172         0.192826         0.071145
         5.164981         2.677243         0.124506         0.048308
         5.187622         2.200784         0.069611         0.036807
         5.210264         2.207992         0.037880         0.034623
         5.232906         2.315393         0.028952         0.038613
         5.255548         2.325865         0.038905         0.047684
         5.278189         2.283178         0.063290         0.062468
         5.300831         2.286017         0.093981         0.080732
         5.323473         2.287467         0.117409         0.094531
         5.346114         2.123423         0.120762         0.094661
         5.368756         1.711502         0.101573         0.078782
         5.391398         1.154716         0.069694         0.053836
         5.414040         0.641562         0.038976         0.030060
         5.436681         0.291598         0.017760         0.013689
         5.459323         0.108139         0.006593         0.005080
         5.481965         0.032689         0.001994         0.001536
         5.504607         0.008051         0.000491         0.000378
         5.527248         0.001615         0.000099         0.000076
         5.549890         0.000264         0.000016         0.000012
         5.572532         0.000035         0.000002         0.000002
         5.595173         0.000004         0.000000         0.000000
         5.617815         0.000000         0.000000         0.000000
         5.640457         0.000000         0.000000         0.000000
         5.663099         0.000000         0.000000         0.000000
         5.685740         0.000000         0.000000         0.000000
         5.708382         0.000000         0.000000         0.000000
         5.731024         0.000000         0.000000         0.000000
         5.753666         0.000000         0.000000         0.000000
         5.776307         0.000000         0.000000         0.000000
         5.798949         0.000000         0.000000         0.000000
         5.821591         0.000000         0.000000         0.000000
         5.844232         0.000000         0.000000         0.000000
         5.866874         0.000000         0.000000         0.000000
         5.889516         0.000000         0.000000         0.000000
         5.912158         0.000000         0.000000         0.000000
         5.934799         0.000000         0.000000         0.000000
         5.957441         0.000000         0.000000         0.000000
         5.980083         0.000000         0.000000         0.000000
         6.002725         0.000000         0.000000         0.000000
         6.025366         0.000000         0.000000         0.000000
         6.048008         0.000000         0.000000         0.000000
         6.070650         0.000000         0.000000         0.000000
         6.093291         0.000000         0.000000         0.000000
         6.115933         0.000000         0.000000         0.000000
         6.138575         0.000000         0.000000         0.000000
         6.161217         0.000000         0.000000         0.000000
         6.183858         0.000000         0.000000         0.000000
         6.206500         0.000000         0.000000         0.000000
         6.229142         0.000000         0.000000         0.000000
         6.251784         0.000000         0.000000         0.000000
         6.274425         0.000000         0.000000         0.000000
         6.297067         0.000000         0.000000         0.000000
         6.319709         0.000000         0.000000         0.000000
         6.342350         0.000000         0.000000         0.000000
         6.364992         0.000000         0.000000         0.000000
         6.387634         0.000000         0.000000         0.000000
         6.410276         0.000000         0.000000         0.000000
         6.432917         0.000000         0.000000         0.000000
         6.455559         0.000000         0.000000         0.000000
         6.478201         0.000000         0.000000         0.000000
         6.500843         0.000000         0.000000         0.000000
         6.523484         0.000000         0.000000         0.000000
         6.546126         0.000000         0.000000         0.000000
         6.568768         0.000000         0.000000         0.000000
         6.591409         0.000000         0.000000         0.000000
         6.614051         0.000000         0.000000         0.000000
         6.636693         0.000000         0.000000         0.000000
         6.659335         0.000000         0.000000         0.000000
         6.681976         0.000000         0.000000         0.000000
         6.704618         0.000000         0.000000         0.000000
         6.727260         0.000000         0.000000         0.000000
         6.749902         0.000000         0.000000         0.000000
         6.772543         0.000000         0.000000         0.000000
         6.795185         0.000000         0.000000         0.000000
         6.817827         0.000000         0.000000         0.000000
         6.840468         0.000000         0.000000         0.000000
         6.863110         0.000000         0.000000         0.000000
         6.885752         0.000000         0.000000         0.000000
         6.908394         0.000000         0.000000         0.000000
         6.931035         0.000000         0.000000         0.000000
         6.953677         0.000000         0.000000         0.000000
         6.976319         0.000000         0.000000         0.000000
         6.998961         0.000000         0.000000         0.000000
         7.021602         0.000000         0.000000         0.000000
         7.044244         0.000000         0.000000         0.000000
         7.066886         0.000000         0.000000         0.000000
         7.089527         0.000000         0.000000         0.000000
         7.112169         0.000000         0.000000         0.000000
         7.134811         0.000000         0.000000         0.000000
         7.157453         0.000000         0.000000         0.000000
         7.180094         0.000000         0.000000         0.000000
         7.202736         0.000000         0.000000         0.000000
         7.225378         0.000000         0.000000         0.000000
         7.248020         0.000000         0.000000         0.000000
         7.270661         0.000000         0.000000         0.000000
         7.293303         0.000000         0.000000         0.000000
         7.315945         0.000000         0.000000         0.000000
         7.338586         0.000000         0.000000         0.000000
